Periodic thread using timerfd
Thread 1 period 100ms
1571088974.435720
1571088974.535770
1571088974.635672
1571088974.735672
1571088974.835672
1571088974.935673
1571088975.035672
1571088975.135715
1571088975.235713
1571088975.335719
1571088975.435713
1571088975.535806
1571088975.635686
1571088975.735702
1571088975.835689
1571088975.935692
1571088976.035690
1571088976.135692
1571088976.235686
1571088976.335691
1571088976.435693
1571088976.535686
1571088976.635691
1571088976.735693
1571088976.835689
1571088976.935689
1571088977.035694
1571088977.135696
1571088977.235697
1571088977.335688
1571088977.435685
1571088977.535684
1571088977.635692
1571088977.735687
1571088977.835714
1571088977.935690
1571088978.035761
1571088978.135686
1571088978.235692
1571088978.335684
1571088978.435689
1571088978.535687
1571088978.635692
1571088978.735694
1571088978.835696
1571088978.935688
1571088979.035698
1571088979.135689
1571088979.235690
1571088979.335691
1571088979.435696
1571088979.535687
1571088979.635694
1571088979.735692
1571088979.835690
1571088979.935690
1571088980.035689
1571088980.135692
1571088980.235695
1571088980.335692
1571088980.435691
1571088980.535706
1571088980.635691
1571088980.735698
1571088980.835695
1571088980.935707
1571088981.035694
1571088981.135704
1571088981.235698
1571088981.335744
1571088981.435693
1571088981.535729
1571088981.635700
1571088981.735713
1571088981.835696
1571088981.935779
1571088982.035871
1571088982.135787
1571088982.235675
1571088982.335674
1571088982.435685
1571088982.535675
1571088982.635679
1571088982.735671
1571088982.835701
1571088982.935694
1571088983.035696
1571088983.135694
1571088983.235703
1571088983.335693
1571088983.435695
1571088983.535687
1571088983.635693
1571088983.735690
1571088983.835699
1571088983.935693
1571088984.035714
1571088984.135704
1571088984.235695
1571088984.335692
1571088984.435696
1571088984.535738
1571088984.635690
1571088984.735712
1571088984.835695
1571088984.935711
1571088985.035698
1571088985.135695
1571088985.235695
1571088985.335730
1571088985.435692
1571088985.535697
1571088985.635688
1571088985.735694
1571088985.835686
1571088985.935700
1571088986.035723
1571088986.135675
1571088986.235673
1571088986.335673
1571088986.435676
1571088986.535676
1571088986.635677
1571088986.735684
1571088986.835709
1571088986.935688
1571088987.035690
1571088987.135741
1571088987.235701
1571088987.335700
1571088987.435709
1571088987.535686
1571088987.635728
1571088987.735674
1571088987.835675
1571088987.935671
1571088988.035711
1571088988.135671
1571088988.235673
1571088988.335671
1571088988.435711
1571088988.535688
1571088988.635692
1571088988.735701
1571088988.835738
1571088988.935695
1571088989.035704
1571088989.135704
1571088989.235694
1571088989.335798
1571088989.435734
1571088989.535688
1571088989.635709
1571088989.735695
1571088989.835675
1571088989.935678
1571088990.035672
1571088990.135699
1571088990.235670
1571088990.335672
1571088990.435689
1571088990.535696
1571088990.635691
1571088990.735764
1571088990.835691
1571088990.935707
1571088991.035695
1571088991.135700
1571088991.235701
1571088991.335679
1571088991.435693
1571088991.535688
1571088991.635684
1571088991.735683
1571088991.835910
1571088991.935686
1571088992.035808
1571088992.135683
1571088992.235675
1571088992.335672
1571088992.435669
1571088992.535670
1571088992.635681
1571088992.735671
1571088992.835689
1571088992.935696
1571088993.035752
1571088993.135692
1571088993.235691
1571088993.335690
1571088993.435690
1571088993.535688
1571088993.635695
1571088993.735726
1571088993.835693
1571088993.935731
1571088994.035714
1571088994.135715
1571088994.235720
1571088994.335712
1571088994.435735
1571088994.535726
1571088994.635715
1571088994.735717
1571088994.835717
1571088994.935713
1571088995.035706
1571088995.135718
1571088995.235699
1571088995.335693
1571088995.435688
1571088995.535688
1571088995.635687
1571088995.735713
1571088995.835687
1571088995.935705
1571088996.035698
1571088996.135692
1571088996.235688
1571088996.335698
1571088996.435688
1571088996.535696
1571088996.635687
1571088996.735720
1571088996.835691
1571088996.935696
1571088997.035694
1571088997.135692
1571088997.235694
1571088997.335688
1571088997.435693
1571088997.535691
1571088997.635714
1571088997.735688
1571088997.835687
1571088997.935688
1571088998.035797
1571088998.135688
1571088998.235721
1571088998.335692
1571088998.435690
1571088998.535688
1571088998.635692
1571088998.735690
1571088998.835690
1571088998.935711
1571088999.035708
1571088999.135688
1571088999.235692
1571088999.335705
1571088999.435691
1571088999.535690
1571088999.635690
1571088999.735748
1571088999.835694
1571088999.935694
1571089000.035697
1571089000.135724
1571089000.235685
1571089000.335722
1571089000.435694
1571089000.535694
1571089000.635689
1571089000.735700
1571089000.835690
1571089000.935692
1571089001.035696
1571089001.135694
1571089001.235719
1571089001.335699
1571089001.435691
1571089001.535692
1571089001.635689
1571089001.735695
1571089001.835734
1571089001.935696
1571089002.035696
1571089002.135692
1571089002.235695
1571089002.335692
1571089002.435701
1571089002.535693
1571089002.635723
1571089002.735706
1571089002.835698
1571089002.935690
1571089003.035715
1571089003.135690
1571089003.235693
1571089003.335692
1571089003.435707
1571089003.535690
1571089003.635722
1571089003.735713
1571089003.835728
1571089003.935728
1571089004.035731
1571089004.135688
1571089004.236211
1571089004.335744
thread1 300 iterations
